0 140 151
1 234 104
2 253 177
3 235 299
4 156 271
5 137 50
6 133 56
7 104 83
8 127 165
9 190 242
10 237 259
11 280 226
12 263 159
13 224 146
14 211 116
15 159 140
16 66 252
17 28 293
18 51 322
19 170 353
20 196 353
21 215 328
22 174 170
23 138 158
24 139 130
25 162 85
26 176 83
27 271 127
28 303 167
29 247 270
30 323 281
31 292 160
32 253 96
33 221 39
34 177 55
35 120 121
36 101 151
37 63 169
38 51 110
39 64 64
40 82 72
41 174 78
42 222 107
43 293 177
44 263 238
45 299 268
46 309 250
47 315 96
48 317 92
49 273 107
50 159 193
51 146 230
52 114 281
53 120 322
54 132 331
55 147 328
56 163 269
57 129 220
58 138 208
